I think this is a status check or a heartbeat of some kind:

[27, 5]

typical responses are:

[50, 3]
[48, 3]

This prints 1" x 1" box, thickness 1

sent [70, 78, 48, 3, 84, 66, 53, 48, 44, 48, 3, 92, 51, 48, 44, 51, 48, 3, 90, 53, 53, 53, 56, 44, 52, 49, 50, 48, 3] 1433
sent [70, 88, 49, 3, 33, 51, 3, 70, 67, 49, 56, 3, 70, 69, 48, 44, 48, 3, 70, 70, 48, 44, 48, 44, 48, 3] 1199
sent [77, 53, 48, 56, 44, 53, 48, 56, 3, 68, 49, 48, 49, 54, 44, 53, 48, 56, 3, 68, 49, 48, 49, 54, 44, 49, 48, 49, 54, 3, 68, 53, 48, 56, 44, 49, 48, 49, 54, 3, 68, 53, 48, 56, 44, 53, 48, 56, 3] 2326
sent [70, 88, 53, 3, 33, 49, 48, 3, 70, 67, 49, 56, 3, 70, 69, 48, 44, 48, 3, 70, 70, 48, 44, 48, 44, 48, 3, 76, 48, 3, 92, 48, 44, 48, 3, 77, 48, 44, 48, 3, 70, 78, 48, 3, 84, 66, 53, 48, 44, 48, 3] 2376

This prints 1" x 1" box, thickness 2

sent [111, 106, 146] 363
sent [70, 78, 48, 3, 84, 66, 53, 48, 44, 48, 3, 92, 51, 48, 44, 51, 48, 3, 90, 53, 53, 53, 56, 44, 52, 49, 50, 48, 3] 1433
sent [77, 53, 48, 56, 44, 53, 48, 56, 3, 68, 49, 48, 49, 54, 44, 53, 48, 56, 3, 68, 49, 48, 49, 54, 44, 49, 48, 49, 54, 3, 68, 53, 48, 56, 44, 49, 48, 49, 54, 3, 68, 53, 48, 56, 44, 53, 48, 56, 3] 2326
sent [70, 88, 53, 3, 33, 49, 48, 3, 70, 67, 49, 56, 3, 70, 69, 48, 44, 48, 3, 70, 70, 48, 44, 48, 44, 48, 3, 76, 48, 3, 92, 48, 44, 48, 3, 77, 48, 44, 48, 3, 70, 78, 48, 3, 84, 66, 53, 48, 44, 48, 3] 2376

